0
1
0
9
0
10
19
20
100
102
255
256
511
512
1023
1024
4294967295
4294967296
18446744073709551615
18446744073709551616
340282366920938463463374607431768211455
340282366920938463463374607431768211456
115792089237316195423570985008687907853269984665640564039457584007913129639935
13407807929942597099574024998205846127479365820592393377723561443721764030073546976801874298166903427690031858186486050853753882811946569946433649006084095
179769313486231590772930519078902473361797697894230657273430081157732675805500963132708477322407536021120113879871393357658789768814416622492847430639474124377767893424865485276302219601246094119453082952085005768838150682342462881473913110540827237163350510684586298239947245938479716304835356329624224137215
99999999999999999999999999999999999999999999999999999999999999999999999999999999999999999999999999999999999999999999999999999999999999999999999999999999999999999999999999999999999999999999999999999999999999999999999999999999999999999999999999999999999999999999999999999999999999999999999999999999999999999999
126238304966058622268417487065116999845484776053576109500509161826268184136202698801551568013761380717534054534851164138648904527931605160527688095259563605939964364716019515983399209962459578542172100149937763938581219604072733422507180056009672540900709554109516816573779593326332288314873251559077853068444977864803391962580800682760017849589281937637993445539366428356761821065267423102149447628375691862210717202025241630303118559188678304314076943801692528246980959705901641444238894928620825482303431806955690226308773426829503900930529395181208739591967195841536053143145775307050594328881077553168201547775
99999999999999999999999999999999999999999999999999999999999999999999999999999999999999999999999999999999999999999999999999999999999999999999999999999999999999999999999999999999999999999999999999999999999999999999999999999999999999999999999999999999999999999999999999999999999999999999999999999999999999999999999999999999999999999999999999999999999999999999999999999999999999999999999999999999999999999999999999999999999999999999999999999999999999999999999999999999999999999999999999999999999999999999999999999999999999999999999999999999999999999999999999999999999999999999999999999999999999999999999999999999999999
